[[array([[-0.11134714,  0.3408555 , -0.00454486, ..., -0.47297692,
        -0.1078733 , -0.01797192],
       [-0.18870683, -0.01141596, -0.06699032, ..., -0.4527523 ,
        -0.21842676,  0.08312915],
       [-0.3275602 ,  0.01205941, -0.22823413, ..., -0.05029342,
        -0.30518028, -0.39242256],
       ...,
       [-0.6554581 ,  0.4525578 , -0.5573791 , ..., -0.5244594 ,
        -0.20160651, -0.414771  ],
       [-0.07094703,  0.00174282, -0.15784624, ..., -0.10246681,
        -0.2826025 , -0.10198934],
       [-0.02771959,  0.22294405, -0.07289875, ..., -0.18810156,
        -0.26276353, -0.02131847]], dtype=float32), array([ 0.69348586, -0.3178515 ,  0.74547315,  0.64784455, -0.26923746,
       -0.3397334 , -0.4052018 ,  0.48674825, -0.33948037,  0.5403731 ,
       -0.33745417, -0.3910455 , -0.32729238, -0.52773094,  0.44580814,
       -0.3916677 ,  0.44280237,  0.35924944, -0.3429878 , -0.40210444,
        0.7192931 ,  0.47121722,  0.47692955,  0.48977947,  0.6868168 ,
       -0.7093795 , -0.82771504,  0.48559314,  0.5505438 , -0.4224612 ,
        0.4529443 ,  0.52914464, -0.50239235, -0.585999  , -0.38438177,
        0.44578683, -0.39193302,  0.4553753 , -0.37132227,  0.60583806,
        0.4196536 ,  0.52373415,  0.51038235, -0.49593332,  0.4337538 ,
        0.4536429 ,  0.7386389 , -0.49593756,  0.669784  ,  0.46962827,
       -0.3409636 , -0.3385816 ,  0.6158006 ,  0.6168774 , -0.35788465,
       -0.43475118,  0.5134057 ,  0.42125663,  0.5195096 ,  0.5099355 ],
      dtype=float32), array([[-0.5006615 ],
       [ 0.3637954 ],
       [-0.52725023],
       [-0.30104274],
       [ 0.39278978],
       [ 0.3783325 ],
       [ 0.38234767],
       [-0.7247232 ],
       [ 0.2504316 ],
       [-0.5210248 ],
       [ 0.35005978],
       [ 0.19814642],
       [ 0.12795202],
       [ 0.26806787],
       [-0.7002912 ],
       [ 0.30490667],
       [-0.7139417 ],
       [-0.6254658 ],
       [ 0.32199615],
       [ 0.10776229],
       [-0.53163654],
       [-0.5755279 ],
       [-0.59802467],
       [-0.46105373],
       [-0.46722406],
       [ 0.21667294],
       [ 0.28703842],
       [-0.5834271 ],
       [-0.57630897],
       [ 0.31845978],
       [-0.62008345],
       [-0.5978646 ],
       [ 0.26018274],
       [ 0.16806804],
       [ 0.4746924 ],
       [-0.5008055 ],
       [ 0.38653418],
       [-0.71127135],
       [ 0.43265367],
       [-0.64087284],
       [-0.6826417 ],
       [-0.48717704],
       [-0.66589195],
       [ 0.28524885],
       [-0.6830073 ],
       [-0.550806  ],
       [-0.47116068],
       [ 0.32032394],
       [-0.48274818],
       [-0.51670736],
       [ 0.31941286],
       [ 0.42789838],
       [-0.51228815],
       [-0.49408177],
       [ 0.22217406],
       [ 0.2649671 ],
       [-0.61105126],
       [-0.6602615 ],
       [-0.48072663],
       [-0.64034593]], dtype=float32), array([-0.08874825], dtype=float32)], [array([[-0.26930442, -0.3714106 ,  0.04409432, ..., -0.16531438,
        -0.41652375, -0.07235855],
       [-0.14656262, -0.35677603,  0.37304017, ..., -0.4497183 ,
        -0.11807086, -0.06868564],
       [-0.36912733, -0.2637071 ,  0.36725467, ..., -0.46200472,
         0.00644742, -0.07143322],
       ...,
       [-0.5900893 , -0.09252615,  0.2668268 , ..., -0.13532104,
        -0.13848507, -0.36860743],
       [-0.1745522 , -0.10789123,  0.3639946 , ..., -0.15176393,
        -0.24893266, -0.1361808 ],
       [-0.08712079,  0.03641718,  0.08254919, ..., -0.24852768,
         0.08598194, -0.0241875 ]], dtype=float32), array([ 0.34782574,  0.44402704, -0.41806433, -0.4430743 , -0.29001164,
        0.39617318, -0.36143982,  0.40859133,  0.35259986,  0.44323224,
        0.2955923 , -0.2339608 ,  0.31589514,  0.28810698,  0.45392177,
       -0.47962373,  0.25766793, -0.3758784 , -0.71147877,  0.28552493,
       -0.38734958,  0.5222382 , -0.28495812, -0.28685135,  0.39046207,
       -0.23035252,  0.40708947, -0.41701815,  0.35227317, -0.2785326 ,
        0.36983094,  0.37058276, -0.31257805,  0.32528308,  0.4212821 ,
        0.5416017 ,  0.49512658,  0.4855047 ,  0.3569667 ,  0.28204286,
        0.45845655, -0.65519273,  0.5588457 , -0.47231066,  0.40016356,
        0.33369198, -0.31828958,  0.27236813,  0.59723717, -0.29768214,
        0.5325252 ,  0.7763384 , -0.30877587,  0.43348578,  0.4425443 ,
       -0.26113376, -0.38369915,  0.36083728,  0.29752663,  0.5439319 ],
      dtype=float32), array([[-0.5251358 ],
       [-0.60100293],
       [ 0.32166973],
       [ 0.18804199],
       [ 0.4598986 ],
       [-0.3547106 ],
       [ 0.3512463 ],
       [-0.651306  ],
       [-0.6438874 ],
       [-0.49079204],
       [-0.41864535],
       [ 0.32893118],
       [-0.498469  ],
       [-0.5626343 ],
       [-0.32135427],
       [ 0.24080293],
       [-0.47704542],
       [ 0.27132347],
       [ 0.29038393],
       [-0.5358719 ],
       [ 0.3313235 ],
       [-0.53687423],
       [ 0.33367902],
       [ 0.45364705],
       [-0.6388082 ],
       [ 0.4971714 ],
       [-0.48325226],
       [ 0.29244015],
       [-0.58849955],
       [ 0.5206099 ],
       [-0.6083925 ],
       [-0.64632565],
       [ 0.3650581 ],
       [-0.537204  ],
       [-0.6876722 ],
       [-0.4834676 ],
       [-0.68436843],
       [-0.6383974 ],
       [-0.65121585],
       [-0.528582  ],
       [-0.48227218],
       [ 0.31919035],
       [-0.43050152],
       [ 0.24200636],
       [-0.6315707 ],
       [-0.48932672],
       [ 0.4661883 ],
       [-0.45830494],
       [-0.47286457],
       [ 0.34258756],
       [-0.49836388],
       [-0.55018824],
       [ 0.36634895],
       [-0.52733827],
       [-0.5092344 ],
       [ 0.42024958],
       [ 0.34670755],
       [-0.49939296],
       [-0.62830794],
       [-0.5053258 ]], dtype=float32), array([-0.01728739], dtype=float32)], [array([[-0.47383168, -0.28397778,  0.43166748, ..., -0.2069436 ,
        -0.3742478 , -0.15266842],
       [-0.06842619, -0.33200198,  0.19607405, ..., -0.19868426,
        -0.03795615, -0.20073444],
       [-0.20676015, -0.01712544,  0.16082828, ..., -0.35597083,
        -0.41416973, -0.18477175],
       ...,
       [-0.31695497, -0.53011274,  0.54789126, ..., -0.5211135 ,
        -0.6434996 , -0.30029675],
       [-0.40717348, -0.1734493 ,  0.03809578, ..., -0.21073298,
        -0.3624149 , -0.36798918],
       [ 0.12642801,  0.04382917, -0.08688259, ..., -0.21617627,
         0.18999943,  0.13895807]], dtype=float32), array([ 0.5681502 ,  0.50933325, -0.35569528, -0.3381137 ,  0.4891379 ,
        0.4790559 , -0.356855  ,  0.44302285, -0.40427598,  0.46878147,
        0.42001143,  0.5415977 ,  0.47132367,  0.44325417, -0.40137053,
        0.40590882,  0.5302126 ,  0.43792275,  0.53556556, -0.4395367 ,
       -0.35671866,  0.54145515, -0.3816639 , -0.32687658, -0.28672805,
       -0.50616956, -0.37619135,  0.52425   , -0.68346465, -0.4024538 ,
       -0.7715435 ,  0.44342792,  0.365292  , -0.36806682, -0.38712826,
       -0.32383046,  0.45152318, -0.26700476,  0.5573148 , -0.3776576 ,
        0.4809162 ,  0.38413703,  0.52146703, -0.35461625,  0.40084317,
        0.42593348, -0.3931318 ,  0.5171639 ,  0.3993436 , -0.39394146,
       -0.26080757,  0.49368456, -0.39333674,  0.5208653 ,  0.4600339 ,
        0.6809987 ,  0.6421891 ,  0.44370914,  0.5431646 ,  0.41139886],
      dtype=float32), array([[-0.51433384],
       [-0.57562006],
       [ 0.41655415],
       [ 0.41653463],
       [-0.7093453 ],
       [-0.54253036],
       [ 0.16717197],
       [-0.6748655 ],
       [ 0.31344622],
       [-0.6721337 ],
       [-0.6890759 ],
       [-0.40899906],
       [-0.4681063 ],
       [-0.72978485],
       [ 0.38158557],
       [-0.7049494 ],
       [-0.5790976 ],
       [-0.73817575],
       [-0.5839073 ],
       [ 0.38392404],
       [ 0.36680102],
       [-0.3627667 ],
       [ 0.31098217],
       [ 0.3580252 ],
       [ 0.37975457],
       [ 0.2143053 ],
       [ 0.33380482],
       [-0.63265103],
       [ 0.19327942],
       [ 0.44333327],
       [ 0.29033747],
       [-0.686927  ],
       [-0.6913963 ],
       [ 0.42134848],
       [ 0.24209318],
       [ 0.40094042],
       [-0.6016137 ],
       [ 0.39012516],
       [-0.59964806],
       [ 0.46651962],
       [-0.7777018 ],
       [-0.6392767 ],
       [-0.65903914],
       [ 0.4305208 ],
       [-0.64371073],
       [-0.6924013 ],
       [ 0.410656  ],
       [-0.5292447 ],
       [-0.7112929 ],
       [ 0.26878962],
       [ 0.30279696],
       [-0.6348728 ],
       [ 0.24880905],
       [-0.45924607],
       [-0.48256817],
       [-0.5146082 ],
       [-0.49213368],
       [-0.6506823 ],
       [-0.62064725],
       [-0.6168594 ]], dtype=float32), array([-0.09756096], dtype=float32)], [array([[ 0.10711859, -0.09991348, -0.0585363 , ..., -0.1838419 ,
        -0.32038274, -0.5099048 ],
       [ 0.35054934, -0.46147507, -0.37802348, ..., -0.41081774,
        -0.2840602 , -0.16243486],
       [ 0.39679077, -0.49778956, -0.505577  , ..., -0.16576399,
        -0.47629878, -0.17744482],
       ...,
       [ 0.13923937, -0.12363635, -0.43656754, ..., -0.5904973 ,
        -0.48786226, -0.17559817],
       [ 0.13004224, -0.30935544,  0.05560844, ...,  0.07238964,
        -0.06805138, -0.37421763],
       [ 0.00532679, -0.32593063, -0.08651055, ..., -0.3368867 ,
         0.02336948, -0.33791026]], dtype=float32), array([-0.4587107 ,  0.45928383,  0.45218006,  0.43923318,  0.39109337,
       -0.37283546, -0.44902164, -0.35915002,  0.61798   ,  0.7052712 ,
       -0.39329794,  0.40150517, -0.3010128 , -0.46099147, -0.36456162,
       -0.32056782, -0.3061901 ,  0.5913768 ,  0.405514  , -0.31289077,
       -0.39350617, -0.30792618,  0.5017456 ,  0.6827164 ,  0.41650456,
       -0.33982286,  0.37942076,  0.47480503,  0.41286308,  0.45655948,
       -0.293878  ,  0.49648473, -0.3325914 , -0.38846838, -0.4035056 ,
       -0.4451294 ,  0.39618734, -0.36940265,  0.57615274, -0.38229743,
       -0.40785038,  0.58461654,  0.4571077 , -0.45701835, -0.30962148,
        0.5493355 , -0.37658235,  0.47560516, -0.39703262,  0.41819045,
       -0.47252023,  0.6132586 ,  0.49275485,  0.38373187,  0.46866196,
        0.42214015,  0.3545253 ,  0.64578485,  0.5691823 ,  0.37979147],
      dtype=float32), array([[ 0.27524582],
       [-0.6306558 ],
       [-0.6405747 ],
       [-0.5747678 ],
       [-0.6755594 ],
       [ 0.34214833],
       [ 0.31492317],
       [ 0.36400324],
       [-0.42159027],
       [-0.519546  ],
       [ 0.29112533],
       [-0.71253514],
       [ 0.29747343],
       [ 0.2543386 ],
       [ 0.40812624],
       [ 0.17880604],
       [ 0.36976212],
       [-0.54698867],
       [-0.6818473 ],
       [ 0.4390778 ],
       [ 0.38917258],
       [ 0.28406495],
       [-0.6672464 ],
       [-0.54840374],
       [-0.58873886],
       [ 0.20165558],
       [-0.6652577 ],
       [-0.67250556],
       [-0.59467876],
       [-0.74050206],
       [ 0.35898352],
       [-0.76397145],
       [ 0.38845557],
       [ 0.2611244 ],
       [ 0.34068444],
       [ 0.15473269],
       [-0.6400125 ],
       [ 0.37374792],
       [-0.3075041 ],
       [ 0.3790141 ],
       [ 0.30852   ],
       [-0.41024578],
       [-0.65265965],
       [ 0.19991623],
       [ 0.31501502],
       [-0.33657143],
       [ 0.2781015 ],
       [-0.5009757 ],
       [ 0.27479163],
       [-0.6631422 ],
       [ 0.16516672],
       [-0.5338322 ],
       [-0.5816618 ],
       [-0.68381613],
       [-0.54743683],
       [-0.6226092 ],
       [-0.65751415],
       [-0.43952963],
       [-0.42759347],
       [-0.5214639 ]], dtype=float32), array([-0.11695264], dtype=float32)], [array([[-0.38952413,  0.40587342,  0.17612286, ...,  0.37005556,
        -0.3600822 , -0.32397735],
       [-0.4055517 ,  0.3181275 ,  0.1974694 , ...,  0.22017324,
        -0.05168027, -0.19375311],
       [-0.42012808,  0.3973744 ,  0.34653455, ...,  0.21715274,
        -0.3928356 , -0.3127554 ],
       ...,
       [-0.42632672,  0.30767363,  0.5382529 , ...,  0.16667628,
        -0.13898754, -0.2742314 ],
       [ 0.08020274,  0.20284663,  0.18563949, ...,  0.23916672,
        -0.22737242, -0.17121655],
       [-0.30085745,  0.2226822 ,  0.22205923, ...,  0.07429132,
        -0.06778243, -0.07579768]], dtype=float32), array([ 0.7321268 , -0.3828358 , -0.37833154,  0.44309092,  0.5971216 ,
        0.51881766,  0.44269013, -0.47567353,  0.58822757, -0.22158806,
        0.569432  ,  0.65110433,  0.4573089 , -0.43680784,  0.5733893 ,
        0.7471487 , -0.34143955,  0.7005565 ,  0.491783  , -0.36647478,
        0.5348512 ,  0.52737504,  0.6142915 , -0.3543413 , -0.464494  ,
        0.50499797,  0.48552257, -0.3797926 ,  0.74135023, -0.27334893,
       -0.37224168, -0.30058613,  0.63391674, -0.37761167,  0.75357795,
       -0.38724342,  0.45948735,  0.6597303 ,  0.52942586, -0.39858812,
        0.40272173,  0.6481169 ,  0.4364034 , -0.306037  , -0.2916187 ,
        0.43519226, -0.2859452 ,  0.4021984 , -0.30079034, -0.35675782,
       -0.3696247 , -0.33000356,  0.5305925 ,  0.45399755, -0.35211995,
       -0.2519474 ,  0.5013088 , -0.31529367,  0.40302733,  0.452922  ],
      dtype=float32), array([[-0.46034992],
       [ 0.36035013],
       [ 0.4251923 ],
       [-0.62532943],
       [-0.5338662 ],
       [-0.5297019 ],
       [-0.5521624 ],
       [ 0.19870749],
       [-0.4113022 ],
       [ 0.1160173 ],
       [-0.35871086],
       [-0.4341335 ],
       [-0.6893508 ],
       [ 0.22693072],
       [-0.48349738],
       [-0.48327535],
       [ 0.22600485],
       [-0.44070825],
       [-0.45499557],
       [ 0.40036562],
       [-0.4782436 ],
       [-0.56298375],
       [-0.50493866],
       [ 0.3047852 ],
       [ 0.2679124 ],
       [-0.5073136 ],
       [-0.61708903],
       [ 0.18758741],
       [-0.47527495],
       [ 0.32600823],
       [ 0.2623479 ],
       [ 0.32733446],
       [-0.4263601 ],
       [ 0.2886649 ],
       [-0.48319092],
       [ 0.20909026],
       [-0.60428053],
       [-0.3951255 ],
       [-0.4491516 ],
       [ 0.2252421 ],
       [-0.5928912 ],
       [-0.51979774],
       [-0.69795054],
       [ 0.33560914],
       [ 0.3480954 ],
       [-0.5464574 ],
       [ 0.3623207 ],
       [-0.6870747 ],
       [ 0.30588758],
       [ 0.24473226],
       [ 0.28481638],
       [ 0.40512013],
       [-0.30694625],
       [-0.57981   ],
       [ 0.26474047],
       [ 0.20721105],
       [-0.5648511 ],
       [ 0.32185158],
       [-0.64373773],
       [-0.2958176 ]], dtype=float32), array([-0.13031967], dtype=float32)], [array([[-0.3379159 ,  0.27264383,  0.06923284, ..., -0.5040372 ,
        -0.15094692, -0.17321858],
       [-0.09108545,  0.1991419 ,  0.29370198, ..., -0.09246241,
        -0.18533821, -0.25263822],
       [-0.09135487,  0.22327882,  0.3830354 , ..., -0.16665365,
        -0.06330136, -0.08406287],
       ...,
       [-0.45905417,  0.0775962 ,  0.19169894, ..., -0.4905596 ,
        -0.17380708, -0.47237137],
       [-0.12273756, -0.09387719,  0.35831943, ..., -0.02181111,
        -0.06157085, -0.38536015],
       [-0.01313218, -0.03742932, -0.06898729, ..., -0.08138505,
        -0.3248382 ,  0.05815294]], dtype=float32), array([ 0.63910705, -0.38749254, -0.35015887,  0.5618319 , -0.26650813,
        0.4966414 , -0.280413  ,  0.43979105, -0.31522804, -0.33850265,
        0.43336186,  0.35997218,  0.53816116,  0.35980594,  0.48906326,
        0.3937411 ,  0.40037417, -0.514405  , -0.3843477 , -0.3670383 ,
       -0.77853894, -0.43041313, -0.27035597, -0.33082065, -0.53963506,
        0.4751714 , -0.6320754 , -0.30183166, -0.4068808 , -0.31154826,
        0.46920532, -0.38698742,  0.49312487, -0.36548072,  0.3674595 ,
        0.33327872, -0.40355033, -0.35350007,  0.54070985, -0.52491355,
        0.69243854,  0.5324167 ,  0.44787002,  0.49386552,  0.3712788 ,
        0.42169717,  0.56720036, -0.39266545, -0.32092202,  0.3631614 ,
        0.4930346 ,  0.51527834, -0.2516766 ,  0.5978868 , -0.5156157 ,
        0.61145675, -0.36835805,  0.39394623,  0.44979027,  0.3440076 ],
      dtype=float32), array([[-0.5439397 ],
       [ 0.3235867 ],
       [ 0.4476232 ],
       [-0.38770202],
       [ 0.40650606],
       [-0.7504332 ],
       [ 0.27329513],
       [-0.574492  ],
       [ 0.48090708],
       [ 0.27219126],
       [-0.69079655],
       [-0.6882104 ],
       [-0.2993794 ],
       [-0.6610491 ],
       [-0.66957986],
       [-0.58102155],
       [-0.67790574],
       [ 0.31026888],
       [ 0.2686205 ],
       [ 0.17511547],
       [ 0.28477964],
       [ 0.2638301 ],
       [ 0.27700266],
       [ 0.2376457 ],
       [ 0.23905344],
       [-0.6350075 ],
       [ 0.23502496],
       [ 0.08320723],
       [ 0.44015142],
       [ 0.20118421],
       [-0.69536597],
       [ 0.33140868],
       [-0.71579945],
       [ 0.3342312 ],
       [-0.6665569 ],
       [-0.6026445 ],
       [ 0.32290256],
       [ 0.28440404],
       [-0.5103199 ],
       [ 0.22395258],
       [-0.5456019 ],
       [-0.6266854 ],
       [-0.6334222 ],
       [-0.648379  ],
       [-0.6004687 ],
       [-0.67904365],
       [-0.53221834],
       [ 0.29801506],
       [ 0.4398385 ],
       [-0.63297707],
       [-0.6928777 ],
       [-0.5391691 ],
       [ 0.36435103],
       [-0.4927605 ],
       [ 0.22486998],
       [-0.3260909 ],
       [ 0.33477026],
       [-0.7147738 ],
       [-0.5919995 ],
       [-0.6613131 ]], dtype=float32), array([-0.09635111], dtype=float32)], [array([[-0.27314118, -0.1813556 , -0.2956411 , ..., -0.32907748,
         0.06506014, -0.06901749],
       [-0.17705683, -0.5289583 , -0.36994264, ..., -0.0763244 ,
         0.13952641, -0.42519364],
       [-0.20774993, -0.20268852, -0.07451776, ..., -0.1302107 ,
         0.26656055, -0.0545686 ],
       ...,
       [-0.44649556, -0.5522696 , -0.5339843 , ..., -0.6513296 ,
         0.40426955, -0.3079313 ],
       [-0.30133605, -0.11516863,  0.05891521, ..., -0.45533377,
         0.2253568 , -0.12925354],
       [-0.19396253, -0.19624555, -0.235857  , ..., -0.20562711,
         0.15512294, -0.30285698]], dtype=float32), array([ 0.48964435,  0.33700854,  0.648272  ,  0.47144958,  0.4176003 ,
       -0.4429633 ,  0.58528167, -0.5159236 , -0.37027282, -0.356654  ,
        0.4512159 , -0.351357  , -0.3087664 ,  0.42561132,  0.510069  ,
       -0.4533676 ,  0.5555211 , -0.39395434, -0.25707504, -0.33135477,
        0.65968865, -0.32181844,  0.4657735 ,  0.4088512 , -0.41990164,
        0.5158848 , -0.28895518, -0.34695587,  0.43110284,  0.3625466 ,
       -0.2172381 , -0.38241002,  0.5125923 ,  0.4524498 , -0.3478314 ,
       -0.39356986,  0.50921196, -0.3026276 ,  0.48624077, -0.32110584,
        0.470193  ,  0.5151856 ,  0.42909747,  0.34262392, -0.37962446,
        0.5136066 , -0.344622  ,  0.38904536, -0.4988138 , -0.36212155,
        0.57291764,  0.5252976 ,  0.40355387,  0.49443823,  0.39952263,
        0.51594913, -0.25550392,  0.599436  , -0.4565858 ,  0.50215125],
      dtype=float32), array([[-0.64940786],
       [-0.6199128 ],
       [-0.5359412 ],
       [-0.67609906],
       [-0.74268466],
       [ 0.28562647],
       [-0.51606387],
       [ 0.21389973],
       [ 0.52348584],
       [ 0.45614398],
       [-0.5960747 ],
       [ 0.45988768],
       [ 0.4081015 ],
       [-0.74391747],
       [-0.49938327],
       [ 0.2701652 ],
       [-0.5297427 ],
       [ 0.1771935 ],
       [ 0.38215578],
       [ 0.21491396],
       [-0.5639135 ],
       [ 0.30599046],
       [-0.5619734 ],
       [-0.6529186 ],
       [ 0.3334502 ],
       [-0.84376174],
       [ 0.3771887 ],
       [ 0.3982636 ],
       [-0.7033083 ],
       [-0.66876644],
       [ 0.16878766],
       [ 0.24525693],
       [-0.74948746],
       [-0.5949359 ],
       [ 0.22281182],
       [ 0.29426426],
       [-0.6026769 ],
       [ 0.4039837 ],
       [-0.46411607],
       [ 0.25869033],
       [-0.7575794 ],
       [-0.45180085],
       [-0.7070004 ],
       [-0.626422  ],
       [ 0.4523656 ],
       [-0.552234  ],
       [ 0.31990826],
       [-0.61392784],
       [ 0.23658547],
       [ 0.34030202],
       [-0.55317074],
       [-0.57393116],
       [-0.6675459 ],
       [-0.5546621 ],
       [-0.6002879 ],
       [-0.67074925],
       [ 0.23406702],
       [-0.4980504 ],
       [ 0.37074953],
       [-0.4264175 ]], dtype=float32), array([-0.08779396], dtype=float32)], [array([[ 0.17113353, -0.12650503, -0.3721296 , ...,  0.21360496,
        -0.1766884 , -0.45754287],
       [ 0.23693767, -0.07029037, -0.08729138, ...,  0.46484223,
        -0.17702833, -0.18263812],
       [ 0.15727374, -0.5117274 , -0.1092957 , ...,  0.35258344,
        -0.40074334, -0.46865726],
       ...,
       [ 0.30452964, -0.33288562, -0.3871161 , ...,  0.35809433,
        -0.20717286, -0.2982616 ],
       [ 0.23451453, -0.09038782, -0.18126152, ...,  0.22360516,
        -0.31709146, -0.21820104],
       [ 0.24295002, -0.08310096, -0.15680265, ...,  0.32941246,
        -0.32126376, -0.00730004]], dtype=float32), array([-0.46603262,  0.36702314,  0.50109833, -0.36756754,  0.54175776,
        0.6219821 ,  0.5201454 , -0.35012236, -0.40270424, -0.50245404,
        0.6180546 ,  0.6831616 ,  0.45817527, -0.44033992, -0.46721554,
       -0.3383035 ,  0.47564685, -0.59103096,  0.500709  ,  0.5323316 ,
       -0.33684364,  0.4701846 , -0.4388311 , -0.579665  , -0.44152662,
        0.50300956, -0.34704533, -0.39983594,  0.42087755,  0.6251182 ,
       -0.43234226, -0.38816887,  0.41658166,  0.48216474, -0.33272883,
       -0.37083977, -0.33793703,  0.46249697,  0.51314443,  0.47634855,
        0.4209976 , -0.29959786,  0.5247111 , -0.5132169 , -0.60841304,
        0.42257902,  0.589519  ,  0.44686574,  0.38809428, -0.5334478 ,
        0.705891  ,  0.47181663,  0.39759937,  0.47176158, -0.49108607,
        0.39791968, -0.27611724, -0.44152707,  0.39604408,  0.5200826 ],
      dtype=float32), array([[ 0.1981721 ],
       [-0.67573845],
       [-0.68599874],
       [ 0.3012939 ],
       [-0.60901517],
       [-0.3946391 ],
       [-0.65650016],
       [ 0.14534406],
       [ 0.31727356],
       [ 0.23953982],
       [-0.43025774],
       [-0.5220231 ],
       [-0.5677831 ],
       [ 0.5297953 ],
       [ 0.32299155],
       [ 0.2983859 ],
       [-0.7832575 ],
       [ 0.19294089],
       [-0.7334951 ],
       [-0.5715257 ],
       [ 0.35380358],
       [-0.4671608 ],
       [ 0.37674227],
       [ 0.2527314 ],
       [ 0.20206961],
       [-0.5718525 ],
       [ 0.37623778],
       [ 0.21724144],
       [-0.59411526],
       [-0.57463336],
       [ 0.4205138 ],
       [ 0.44678888],
       [-0.5305658 ],
       [-0.6474851 ],
       [ 0.44253168],
       [ 0.42211968],
       [ 0.34529322],
       [-0.7628805 ],
       [-0.6120653 ],
       [-0.5446963 ],
       [-0.6335962 ],
       [ 0.33701703],
       [-0.77005774],
       [ 0.23859861],
       [ 0.25184694],
       [-0.6379342 ],
       [-0.5219711 ],
       [-0.74863005],
       [-0.5550899 ],
       [ 0.26571843],
       [-0.5409258 ],
       [-0.64355683],
       [-0.618232  ],
       [-0.5136924 ],
       [ 0.30360845],
       [-0.73658717],
       [ 0.25714105],
       [ 0.33474627],
       [-0.5885046 ],
       [-0.5548699 ]], dtype=float32), array([-0.10399588], dtype=float32)], [array([[-0.41530162,  0.1476767 , -0.16486947, ..., -0.02633049,
        -0.01573591, -0.38572666],
       [-0.3241098 ,  0.38949445, -0.35322312, ...,  0.12109669,
         0.12346169, -0.18388589],
       [ 0.03010788,  0.36082047, -0.24273466, ...,  0.22625689,
         0.11575393, -0.32722363],
       ...,
       [-0.57925403,  0.20682536, -0.14804134, ...,  0.60502   ,
         0.5453228 , -0.20931634],
       [-0.32405168,  0.38545662, -0.16963476, ...,  0.16464965,
         0.11990804, -0.04835129],
       [ 0.12662509, -0.00449175,  0.06713434, ..., -0.03578936,
         0.21376643,  0.09614185]], dtype=float32), array([ 0.71072626, -0.3510301 ,  0.45454428,  0.5266391 , -0.5556961 ,
        0.40854982, -0.29085326,  0.71562123,  0.57787836,  0.43067378,
        0.44125155, -0.39595726,  0.492336  ,  0.41918987, -0.3460563 ,
       -0.38678825, -0.47750318, -0.39879277,  0.5056318 ,  0.59204495,
       -0.3523159 ,  0.42602655, -0.4241096 , -0.34223974, -0.38411182,
        0.4763285 ,  0.40793028,  0.45987073,  0.4581137 ,  0.4412984 ,
       -0.46600536,  0.46977353,  0.5233875 ,  0.52504736, -0.4326928 ,
        0.39752895,  0.4398129 ,  0.40751472,  0.41579387,  0.70968795,
        0.663402  ,  0.5091369 , -0.3734941 , -0.31383127, -0.3804804 ,
        0.6786579 , -0.30633545,  0.5522269 ,  0.70679986, -0.425585  ,
       -0.436395  , -0.25684318, -0.3911805 ,  0.6743442 , -0.42091024,
       -0.5018074 , -0.2933473 , -0.3643787 , -0.3775354 ,  0.47238478],
      dtype=float32), array([[-0.51311886],
       [ 0.25713584],
       [-0.68862647],
       [-0.62744945],
       [ 0.19030805],
       [-0.68132716],
       [ 0.37591442],
       [-0.4898123 ],
       [-0.48121673],
       [-0.574478  ],
       [-0.6751328 ],
       [ 0.15973547],
       [-0.69360566],
       [-0.5852493 ],
       [ 0.42688382],
       [ 0.35485914],
       [ 0.27954793],
       [ 0.28253287],
       [-0.55043805],
       [-0.524817  ],
       [ 0.2109619 ],
       [-0.56492794],
       [ 0.40913787],
       [ 0.31319743],
       [ 0.3565038 ],
       [-0.57267934],
       [-0.67280453],
       [-0.5718247 ],
       [-0.6141567 ],
       [-0.49633136],
       [ 0.19838528],
       [-0.50916255],
       [-0.5580932 ],
       [-0.55759954],
       [ 0.34012896],
       [-0.71052665],
       [-0.58509254],
       [-0.5619876 ],
       [-0.72276396],
       [-0.5101107 ],
       [-0.47754186],
       [-0.303121  ],
       [ 0.26007742],
       [ 0.3612528 ],
       [ 0.24907885],
       [-0.49810654],
       [ 0.39315426],
       [-0.6126868 ],
       [-0.49165183],
       [ 0.37538618],
       [ 0.3416802 ],
       [ 0.09717611],
       [ 0.31965667],
       [-0.42830893],
       [ 0.34106317],
       [ 0.18679748],
       [ 0.3222824 ],
       [ 0.284324  ],
       [ 0.18748967],
       [-0.5403992 ]], dtype=float32), array([-0.12155015], dtype=float32)], [array([[-0.31117344, -0.3934867 , -0.1645474 , ...,  0.19231986,
         0.18483643, -0.28254756],
       [-0.35824755, -0.10445957, -0.26706985, ...,  0.03849497,
         0.19636144, -0.01002713],
       [-0.4487316 , -0.20044142, -0.1296208 , ...,  0.24610221,
         0.03631689, -0.3753523 ],
       ...,
       [-0.33269045, -0.23073211, -0.3463589 , ...,  0.4717777 ,
         0.18602149, -0.40285444],
       [-0.02186683, -0.18079409, -0.09660599, ...,  0.25664943,
         0.22551386, -0.1177057 ],
       [-0.19762757,  0.13238353, -0.21676312, ...,  0.2631639 ,
        -0.02198029,  0.02646104]], dtype=float32), array([ 0.6145698 ,  0.51750517,  0.4331438 ,  0.35830778,  0.604404  ,
       -0.30713534, -0.3663214 ,  0.4013896 , -0.4606878 ,  0.381646  ,
        0.6620619 , -0.36728117, -0.3620026 , -0.28301415,  0.46803868,
        0.45892468, -0.31132618, -0.30519837,  0.394789  , -0.37011304,
        0.6003598 , -0.3406739 , -0.38110763, -0.6422235 , -0.37491447,
       -0.37894446,  0.38151997,  0.648199  ,  0.6140968 ,  0.42919695,
       -0.40150306,  0.67799294,  0.51937234,  0.45142773, -0.39312783,
       -0.39132676,  0.5187109 ,  0.4127271 , -0.45913061,  0.44330883,
        0.5266668 ,  0.46538365, -0.4117608 , -0.3410256 ,  0.59690017,
        0.52717084,  0.44372723, -0.3607978 ,  0.35584623, -0.64109534,
        0.3595822 ,  0.5658978 ,  0.41166073,  0.6375783 ,  0.626899  ,
        0.5884244 ,  0.513193  , -0.3724616 , -0.29482004,  0.39766788],
      dtype=float32), array([[-0.5494162 ],
       [-0.519494  ],
       [-0.41425762],
       [-0.58502954],
       [-0.41321152],
       [ 0.43638656],
       [ 0.24451245],
       [-0.67510873],
       [ 0.3213465 ],
       [-0.5560994 ],
       [-0.49660647],
       [ 0.34434235],
       [ 0.39687884],
       [ 0.17550094],
       [-0.47597107],
       [-0.51621145],
       [ 0.33791074],
       [ 0.1762664 ],
       [-0.46473774],
       [ 0.43354973],
       [-0.30271295],
       [ 0.31984532],
       [ 0.4622003 ],
       [ 0.19020818],
       [ 0.30315024],
       [ 0.3658642 ],
       [-0.6062989 ],
       [-0.41675615],
       [-0.5195831 ],
       [-0.68204373],
       [ 0.38278994],
       [-0.48331606],
       [-0.642365  ],
       [-0.67060566],
       [ 0.35023245],
       [ 0.17661265],
       [-0.46742025],
       [-0.6278393 ],
       [ 0.39588347],
       [-0.61965555],
       [-0.51322675],
       [-0.6663333 ],
       [ 0.28406963],
       [ 0.23419411],
       [-0.40321738],
       [-0.5607659 ],
       [-0.5493714 ],
       [ 0.42041326],
       [-0.663746  ],
       [ 0.26531368],
       [-0.6892189 ],
       [-0.56627727],
       [-0.49169153],
       [-0.3689677 ],
       [-0.5261325 ],
       [-0.5496565 ],
       [-0.5486213 ],
       [ 0.4326408 ],
       [ 0.40377235],
       [-0.6231765 ]], dtype=float32), array([-0.08998361], dtype=float32)]]